================================================================================
MONTHLY OVERVIEW - December 2025
================================================================================

Mon  Tue  Wed  Thu  Fri  Sat  Sun
-----------------------------------
 1    2    3    4    5    6    7  
 8    9(26) 10(22) 11(15) 12(15) 13(15) 14(15)
15(26) 16(25) 17(15) 18(15) 19(15) 20(15) 21(15)
22(26) 23(25) 24(15) 25(15) 26(15) 27(15) 28(15)
29(26) 30(26) 31(15)                    

-----------------------------------

Total activities: 427
Days with activities: 23/31
Busiest day: 9 (26 activities)